 -320.8098 -158.3542
 -320.0789 -158.3476
 -319.3549 -158.3416
 -318.6375 -158.3364
 -317.9267 -158.3319
 -317.2225 -158.3280
 -316.5245 -158.3248
 -315.8328 -158.3222
 -315.1473 -158.3203
 -314.4677 -158.3189
 -313.7941 -158.3183
 -313.1263 -158.3182
 -312.4643 -158.3187
 -311.8079 -158.3198
 -311.1570 -158.3215
 -310.5116 -158.3238
 -309.8715 -158.3267
 -309.2367 -158.3301
 -308.6072 -158.3340
 -307.9827 -158.3385
 -307.3632 -158.3436
 -306.7487 -158.3491
 -306.1391 -158.3552
 -305.5343 -158.3618
 -304.9342 -158.3690
 -304.3387 -158.3766
 -303.7479 -158.3847
 -303.1615 -158.3933
 -302.5796 -158.4024
 -302.0021 -158.4120
 -301.4289 -158.4220
 -300.8600 -158.4326
 -300.2952 -158.4435
 -299.7346 -158.4550
 -299.1781 -158.4669
 -298.6256 -158.4792
 -298.0771 -158.4920
 -297.5324 -158.5052
 -296.9916 -158.5188
 -296.4547 -158.5329
 -295.9214 -158.5474
 -295.3919 -158.5623
 -294.8660 -158.5776
 -294.3437 -158.5934
 -293.8250 -158.6095
 -293.3098 -158.6260
 -292.7980 -158.6430
 -292.2897 -158.6603
 -291.7847 -158.6780
 -291.2830 -158.6961
 -290.7847 -158.7146
 -290.2895 -158.7335
 -289.7976 -158.7527
 -289.3089 -158.7723
 -288.8232 -158.7923
 -288.3407 -158.8126
 -287.8612 -158.8333
 -287.3847 -158.8544
 -286.9111 -158.8758
 -286.4406 -158.8975
 -285.9729 -158.9196
 -285.5081 -158.9421
 -285.0461 -158.9649
 -284.5869 -158.9880
 -284.1305 -159.0115
 -283.6768 -159.0353
 -283.2258 -159.0594
 -282.7775 -159.0838
 -282.3319 -159.1086
 -281.8888 -159.1337
 -281.4483 -159.1592
 -281.0104 -159.1849
 -280.5750 -159.2109
 -280.1422 -159.2373
 -279.7117 -159.2640
 -279.2837 -159.2910
 -278.8582 -159.3183
 -278.4350 -159.3459
 -278.0142 -159.3738
 -277.5957 -159.4020
 -277.1795 -159.4305
 -276.7657 -159.4592
 -276.3541 -159.4883
 -275.9447 -159.5177
 -275.5375 -159.5474
 -275.1326 -159.5773
 -274.7298 -159.6075
 -274.3292 -159.6380
 -273.9306 -159.6688
 -273.5342 -159.6999
 -273.1399 -159.7313
 -272.7477 -159.7629
 -272.3574 -159.7948
 -271.9693 -159.8270
 -271.5831 -159.8594
 -271.1989 -159.8921
 -270.8166 -159.9251
 -270.4363 -159.9583
 -270.0579 -159.9918
 -269.6815 -160.0256
 -269.3069 -160.0596
 -268.9342 -160.0939
 -268.5633 -160.1285
 -268.1943 -160.1633
 -267.8271 -160.1984
 -267.4616 -160.2337
 -267.0980 -160.2692
 -266.7362 -160.3051
 -266.3761 -160.3411
 -266.0177 -160.3774
 -265.6610 -160.4140
 -265.3061 -160.4508
 -264.9528 -160.4879
 -264.6012 -160.5252
 -264.2513 -160.5627
 -263.9030 -160.6005
 -263.5563 -160.6385
 -263.2113 -160.6768
 -262.8678 -160.7152
 -262.5259 -160.7540
 -262.1856 -160.7929
 -261.8469 -160.8321
 -261.5097 -160.8716
 -261.1740 -160.9112
 -260.8399 -160.9511
 -260.5072 -160.9913
 -260.1761 -161.0316
 -259.8464 -161.0722
 -259.5182 -161.1130
 -259.1914 -161.1540
 -258.8661 -161.1953
 -258.5423 -161.2368
 -258.2198 -161.2785
 -257.8987 -161.3204
 -257.5791 -161.3626
 -257.2608 -161.4049
 -256.9439 -161.4475
 -256.6284 -161.4903
 -256.3142 -161.5334
 -256.0013 -161.5766
 -255.6898 -161.6201
 -255.3796 -161.6637
 -255.0707 -161.7076
 -254.7631 -161.7517
 -254.4568 -161.7960
 -254.1517 -161.8406
 -253.8480 -161.8853
 -253.5455 -161.9303
 -253.2442 -161.9754
 -252.9442 -162.0208
 -252.6454 -162.0664
 -252.3478 -162.1121
 -252.0514 -162.1581
 -251.7563 -162.2043
 -251.4623 -162.2507
 -251.1695 -162.2973
 -250.8779 -162.3442
 -250.5874 -162.3912
 -250.2981 -162.4384
 -250.0100 -162.4858
 -249.7230 -162.5334
 -249.4371 -162.5813
 -249.1523 -162.6293
 -248.8687 -162.6775
 -248.5862 -162.7260
 -248.3047 -162.7746
 -248.0244 -162.8234
 -247.7451 -162.8724
 -247.4669 -162.9217
 -247.1898 -162.9711
 -246.9138 -163.0207
 -246.6387 -163.0705
 -246.3648 -163.1205
 -246.0919 -163.1707
 -245.8200 -163.2211
 -245.5491 -163.2717
 -245.2792 -163.3225
 -245.0104 -163.3734
 -244.7425 -163.4246
 -244.4757 -163.4760
 -244.2098 -163.5275
 -243.9449 -163.5793
 -243.6810 -163.6312
 -243.4181 -163.6833
 -243.1561 -163.7356
 -242.8951 -163.7881
 -242.6350 -163.8408
 -242.3759 -163.8937
 -242.1177 -163.9468
 -241.8605 -164.0000
 -241.6041 -164.0535
 -241.3487 -164.1071
 -241.0942 -164.1609
 -240.8406 -164.2150
 -240.5879 -164.2691
 -240.3361 -164.3235
 -240.0852 -164.3781
 -239.8352 -164.4328
 -239.5860 -164.4878
 -239.3377 -164.5429
 -239.0903 -164.5982
 -238.8437 -164.6537
 -238.5980 -164.7093
 -238.3532 -164.7652
 -238.1092 -164.8212
 -237.8660 -164.8774
 -237.6237 -164.9338
 -237.3822 -164.9904
 -237.1415 -165.0472
 -236.9016 -165.1041
 -236.6626 -165.1613
 -236.4243 -165.2186
 -236.1869 -165.2761
 -235.9503 -165.3337
 -235.7144 -165.3916
 -235.4794 -165.4496
 -235.2451 -165.5078
 -235.0116 -165.5662
 -234.7789 -165.6248
 -234.5469 -165.6835
 -234.3158 -165.7424
 -234.0853 -165.8015
 -233.8557 -165.8608
 -233.6268 -165.9203
 -233.3986 -165.9799
 -233.1712 -166.0397
 -232.9445 -166.0997
 -232.7186 -166.1599
 -232.4933 -166.2203
 -232.2689 -166.2808
 -232.0451 -166.3415
 -231.8220 -166.4024
 -231.5997 -166.4634
 -231.3781 -166.5247
 -231.1572 -166.5861
 -230.9370 -166.6477
 -230.7174 -166.7094
 -230.4986 -166.7714
 -230.2805 -166.8335
 -230.0630 -166.8958
 -229.8463 -166.9582
 -229.6302 -167.0209
 -229.4148 -167.0837
 -229.2000 -167.1467
 -228.9859 -167.2098
 -228.7725 -167.2732
 -228.5598 -167.3367
 -228.3477 -167.4004
 -228.1362 -167.4642
 -227.9254 -167.5283
 -227.7153 -167.5925
 -227.5058 -167.6569
 -227.2969 -167.7214
 -227.0887 -167.7862
 -226.8811 -167.8511
 -226.6741 -167.9162
 -226.4678 -167.9814
 -226.2621 -168.0469
 -226.0570 -168.1125
 -225.8525 -168.1782
 -225.6486 -168.2442
 -225.4453 -168.3103
 -225.2427 -168.3766
 -225.0406 -168.4431
 -224.8391 -168.5097
 -224.6383 -168.5766
 -224.4380 -168.6436
 -224.2383 -168.7107
 -224.0392 -168.7781
 -223.8407 -168.8456
 -223.6428 -168.9133
 -223.4454 -168.9811
 -223.2487 -169.0492
 -223.0525 -169.1174
 -222.8568 -169.1857
 -222.6618 -169.2543
 -222.4673 -169.3230
 -222.2733 -169.3919
 -222.0799 -169.4610
 -221.8871 -169.5302
 -221.6948 -169.5996
 -221.5031 -169.6692
 -221.3119 -169.7390
 -221.1213 -169.8089
 -220.9312 -169.8791
 -220.7417 -169.9493
 -220.5526 -170.0198
 -220.3642 -170.0904
 -220.1762 -170.1612
 -219.9888 -170.2322
 -219.8019 -170.3034
 -219.6155 -170.3747
 -219.4297 -170.4462
 -219.2443 -170.5178
 -219.0595 -170.5897
 -218.8752 -170.6617
 -218.6914 -170.7339
 -218.5082 -170.8063
 -218.3254 -170.8788
 -218.1431 -170.9515
 -217.9613 -171.0244
 -217.7801 -171.0975
 -217.5993 -171.1707
 -217.4190 -171.2441
 -217.2392 -171.3177
 -217.0599 -171.3915
 -216.8811 -171.4654
 -216.7028 -171.5395
 -216.5250 -171.6138
 -216.3476 -171.6882
 -216.1707 -171.7629
 -215.9943 -171.8377
 -215.8184 -171.9127
 -215.6430 -171.9878
 -215.4680 -172.0631
 -215.2935 -172.1386
 -215.1194 -172.2143
 -214.9458 -172.2902
 -214.7727 -172.3662
 -214.6000 -172.4424
 -214.4278 -172.5188
 -214.2561 -172.5954
 -214.0848 -172.6721
 -213.9140 -172.7490
 -213.7436 -172.8261
 -213.5736 -172.9034
 -213.4041 -172.9808
 -213.2351 -173.0584
 -213.0664 -173.1362
 -212.8983 -173.2142
 -212.7305 -173.2923
 -212.5632 -173.3707
 -212.3964 -173.4492
 -212.2299 -173.5279
 -212.0639 -173.6067
 -211.8984 -173.6858
 -211.7332 -173.7650
 -211.5685 -173.8444
 -211.4042 -173.9239
 -211.2403 -174.0037
 -211.0769 -174.0836
 -210.9139 -174.1637
 -210.7512 -174.2440
 -210.5890 -174.3245
 -210.4272 -174.4051
 -210.2659 -174.4860
 -210.1049 -174.5670
 -209.9443 -174.6481
 -209.7842 -174.7295
 -209.6244 -174.8111
 -209.4651 -174.8928
 -209.3061 -174.9747
 -209.1476 -175.0568
 -208.9894 -175.1391
 -208.8317 -175.2215
 -208.6743 -175.3041
 -208.5173 -175.3870
 -208.3608 -175.4700
 -208.2046 -175.5531
 -208.0488 -175.6365
 -207.8934 -175.7200
 -207.7384 -175.8038
 -207.5837 -175.8877
 -207.4295 -175.9718
 -207.2756 -176.0561
 -207.1221 -176.1405
 -206.9690 -176.2252
 -206.8162 -176.3100
 -206.6638 -176.3950
 -206.5119 -176.4802
 -206.3602 -176.5656
 -206.2090 -176.6512
 -206.0581 -176.7369
 -205.9076 -176.8229
 -205.7574 -176.9090
 -205.6076 -176.9953
 -205.4582 -177.0818
 -205.3091 -177.1685
 -205.1604 -177.2554
 -205.0121 -177.3424
 -204.8641 -177.4297
 -204.7165 -177.5171
 -204.5692 -177.6048
 -204.4223 -177.6926
 -204.2757 -177.7806
 -204.1295 -177.8688
 -203.9837 -177.9572
 -203.8381 -178.0457
 -203.6930 -178.1345
 -203.5482 -178.2234
 -203.4037 -178.3126
 -203.2595 -178.4019
 -203.1157 -178.4914
 -202.9723 -178.5812
 -202.8292 -178.6711
 -202.6864 -178.7612
 -202.5440 -178.8515
 -202.4019 -178.9420
 -202.2601 -179.0326
 -202.1187 -179.1235
 -201.9776 -179.2146
 -201.8368 -179.3058
 -201.6964 -179.3973
 -201.5563 -179.4890
 -201.4165 -179.5808
 -201.2770 -179.6728
 -201.1379 -179.7651
 -200.9991 -179.8575
 -200.8606 -179.9501
 -200.7224 -180.0430
 -200.5846 -180.1360
 -200.4471 -180.2292
 -200.3099 -180.3226
 -200.1730 -180.4163
 -200.0364 -180.5101
 -199.9002 -180.6041
 -199.7642 -180.6983
 -199.6286 -180.7927
 -199.4933 -180.8873
 -199.3583 -180.9822
 -199.2236 -181.0772
 -199.0892 -181.1724
 -198.9551 -181.2678
 -198.8214 -181.3634
 -198.6879 -181.4593
 -198.5547 -181.5553
 -198.4219 -181.6515
 -198.2893 -181.7480
 -198.1571 -181.8446
 -198.0251 -181.9414
 -197.8935 -182.0385
 -197.7621 -182.1357
 -197.6311 -182.2332
 -197.5003 -182.3309
 -197.3698 -182.4287
 -197.2397 -182.5268
 -197.1098 -182.6251
 -196.9802 -182.7236
 -196.8509 -182.8223
 -196.7219 -182.9212
 -196.5932 -183.0203
 -196.4648 -183.1197
 -196.3366 -183.2192
 -196.2088 -183.3189
 -196.0812 -183.4189
 -195.9540 -183.5191
 -195.8270 -183.6195
 -195.7003 -183.7201
 -195.5738 -183.8209
 -195.4477 -183.9219
 -195.3218 -184.0231
 -195.1963 -184.1246
 -195.0710 -184.2262
 -194.9459 -184.3281
 -194.8212 -184.4302
 -194.6967 -184.5325
 -194.5725 -184.6351
 -194.4486 -184.7378
 -194.3250 -184.8408
 -194.2016 -184.9440
 -194.0785 -185.0474
 -193.9557 -185.1510
 -193.8331 -185.2548
 -193.7108 -185.3589
 -193.5888 -185.4632
 -193.4670 -185.5677
 -193.3456 -185.6724
 -193.2243 -185.7773
 -193.1034 -185.8825
 -192.9827 -185.9879
 -192.8623 -186.0935
 -192.7421 -186.1993
 -192.6222 -186.3054
 -192.5026 -186.4117
 -192.3832 -186.5182
 -192.2641 -186.6249
 -192.1453 -186.7319
 -192.0267 -186.8391
 -191.9083 -186.9465
 -191.7903 -187.0542
 -191.6724 -187.1621
 -191.5549 -187.2702
 -191.4376 -187.3785
 -191.3205 -187.4871
 -191.2037 -187.5959
 -191.0871 -187.7049
 -190.9709 -187.8142
 -190.8548 -187.9237
 -190.7390 -188.0335
 -190.6235 -188.1434
 -190.5082 -188.2536
 -190.3931 -188.3641
 -190.2783 -188.4748
 -190.1638 -188.5857
 -190.0495 -188.6968
 -189.9354 -188.8082
 -189.8216 -188.9199
 -189.7080 -189.0317
 -189.5947 -189.1439
 -189.4816 -189.2562
 -189.3688 -189.3688
 -189.2562 -189.4816
 -189.1439 -189.5947
 -189.0317 -189.7080
 -188.9199 -189.8216
 -188.8082 -189.9354
 -188.6968 -190.0495
 -188.5857 -190.1638
 -188.4748 -190.2783
 -188.3641 -190.3931
 -188.2536 -190.5082
 -188.1434 -190.6235
 -188.0335 -190.7390
 -187.9237 -190.8548
 -187.8142 -190.9709
 -187.7049 -191.0871
 -187.5959 -191.2037
 -187.4871 -191.3205
 -187.3785 -191.4376
 -187.2702 -191.5549
 -187.1621 -191.6724
 -187.0542 -191.7903
 -186.9465 -191.9083
 -186.8391 -192.0267
 -186.7319 -192.1453
 -186.6249 -192.2641
 -186.5182 -192.3832
 -186.4117 -192.5026
 -186.3054 -192.6222
 -186.1993 -192.7421
 -186.0935 -192.8623
 -185.9879 -192.9827
 -185.8825 -193.1034
 -185.7773 -193.2243
 -185.6724 -193.3456
 -185.5677 -193.4670
 -185.4632 -193.5888
 -185.3589 -193.7108
 -185.2548 -193.8331
 -185.1510 -193.9557
 -185.0474 -194.0785
 -184.9440 -194.2016
 -184.8408 -194.3250
 -184.7378 -194.4486
 -184.6351 -194.5725
 -184.5325 -194.6967
 -184.4302 -194.8212
 -184.3281 -194.9459
 -184.2262 -195.0710
 -184.1246 -195.1963
 -184.0231 -195.3218
 -183.9219 -195.4477
 -183.8209 -195.5738
 -183.7201 -195.7003
 -183.6195 -195.8270
 -183.5191 -195.9540
 -183.4189 -196.0812
 -183.3189 -196.2088
 -183.2192 -196.3366
 -183.1197 -196.4648
 -183.0203 -196.5932
 -182.9212 -196.7219
 -182.8223 -196.8509
 -182.7236 -196.9802
 -182.6251 -197.1098
 -182.5268 -197.2397
 -182.4287 -197.3698
 -182.3309 -197.5003
 -182.2332 -197.6311
 -182.1357 -197.7621
 -182.0385 -197.8935
 -181.9414 -198.0251
 -181.8446 -198.1571
 -181.7480 -198.2893
 -181.6515 -198.4219
 -181.5553 -198.5547
 -181.4593 -198.6879
 -181.3634 -198.8214
 -181.2678 -198.9551
 -181.1724 -199.0892
 -181.0772 -199.2236
 -180.9822 -199.3583
 -180.8873 -199.4933
 -180.7927 -199.6286
 -180.6983 -199.7642
 -180.6041 -199.9002
 -180.5101 -200.0364
 -180.4163 -200.1730
 -180.3226 -200.3099
 -180.2292 -200.4471
 -180.1360 -200.5846
 -180.0430 -200.7224
 -179.9501 -200.8606
 -179.8575 -200.9991
 -179.7651 -201.1379
 -179.6728 -201.2770
 -179.5808 -201.4165
 -179.4890 -201.5563
 -179.3973 -201.6964
 -179.3058 -201.8368
 -179.2146 -201.9776
 -179.1235 -202.1187
 -179.0326 -202.2601
 -178.9420 -202.4019
 -178.8515 -202.5440
 -178.7612 -202.6864
 -178.6711 -202.8292
 -178.5812 -202.9723
 -178.4914 -203.1157
 -178.4019 -203.2595
 -178.3126 -203.4037
 -178.2234 -203.5482
 -178.1345 -203.6930
 -178.0457 -203.8381
 -177.9572 -203.9837
 -177.8688 -204.1295
 -177.7806 -204.2757
 -177.6926 -204.4223
 -177.6048 -204.5692
 -177.5171 -204.7165
 -177.4297 -204.8641
 -177.3424 -205.0121
 -177.2554 -205.1604
 -177.1685 -205.3091
 -177.0818 -205.4582
 -176.9953 -205.6076
 -176.9090 -205.7574
 -176.8229 -205.9076
 -176.7369 -206.0581
 -176.6512 -206.2090
 -176.5656 -206.3602
 -176.4802 -206.5119
 -176.3950 -206.6638
 -176.3100 -206.8162
 -176.2252 -206.9690
 -176.1405 -207.1221
 -176.0561 -207.2756
 -175.9718 -207.4295
 -175.8877 -207.5837
 -175.8038 -207.7384
 -175.7200 -207.8934
 -175.6365 -208.0488
 -175.5531 -208.2046
 -175.4700 -208.3608
 -175.3870 -208.5173
 -175.3041 -208.6743
 -175.2215 -208.8317
 -175.1391 -208.9894
 -175.0568 -209.1476
 -174.9747 -209.3061
 -174.8928 -209.4651
 -174.8111 -209.6244
 -174.7295 -209.7842
 -174.6481 -209.9443
 -174.5670 -210.1049
 -174.4860 -210.2659
 -174.4051 -210.4272
 -174.3245 -210.5890
 -174.2440 -210.7512
 -174.1637 -210.9139
 -174.0836 -211.0769
 -174.0037 -211.2403
 -173.9239 -211.4042
 -173.8444 -211.5685
 -173.7650 -211.7332
 -173.6858 -211.8984
 -173.6067 -212.0639
 -173.5279 -212.2299
 -173.4492 -212.3964
 -173.3707 -212.5632
 -173.2923 -212.7305
 -173.2142 -212.8983
 -173.1362 -213.0664
 -173.0584 -213.2351
 -172.9808 -213.4041
 -172.9034 -213.5736
 -172.8261 -213.7436
 -172.7490 -213.9140
 -172.6721 -214.0848
 -172.5954 -214.2561
 -172.5188 -214.4278
 -172.4424 -214.6000
 -172.3662 -214.7727
 -172.2902 -214.9458
 -172.2143 -215.1194
 -172.1386 -215.2935
 -172.0631 -215.4680
 -171.9878 -215.6430
 -171.9127 -215.8184
 -171.8377 -215.9943
 -171.7629 -216.1707
 -171.6882 -216.3476
 -171.6138 -216.5250
 -171.5395 -216.7028
 -171.4654 -216.8811
 -171.3915 -217.0599
 -171.3177 -217.2392
 -171.2441 -217.4190
 -171.1707 -217.5993
 -171.0975 -217.7801
 -171.0244 -217.9613
 -170.9515 -218.1431
 -170.8788 -218.3254
 -170.8063 -218.5082
 -170.7339 -218.6914
 -170.6617 -218.8752
 -170.5897 -219.0595
 -170.5178 -219.2443
 -170.4462 -219.4297
 -170.3747 -219.6155
 -170.3034 -219.8019
 -170.2322 -219.9888
 -170.1612 -220.1762
 -170.0904 -220.3642
 -170.0198 -220.5526
 -169.9493 -220.7417
 -169.8791 -220.9312
 -169.8089 -221.1213
 -169.7390 -221.3119
 -169.6692 -221.5031
 -169.5996 -221.6948
 -169.5302 -221.8871
 -169.4610 -222.0799
 -169.3919 -222.2733
 -169.3230 -222.4673
 -169.2543 -222.6618
 -169.1857 -222.8568
 -169.1174 -223.0525
 -169.0492 -223.2487
 -168.9811 -223.4454
 -168.9133 -223.6428
 -168.8456 -223.8407
 -168.7781 -224.0392
 -168.7107 -224.2383
 -168.6436 -224.4380
 -168.5766 -224.6383
 -168.5097 -224.8391
 -168.4431 -225.0406
 -168.3766 -225.2427
 -168.3103 -225.4453
 -168.2442 -225.6486
 -168.1782 -225.8525
 -168.1125 -226.0570
 -168.0469 -226.2621
 -167.9814 -226.4678
 -167.9162 -226.6741
 -167.8511 -226.8811
 -167.7862 -227.0887
 -167.7214 -227.2969
 -167.6569 -227.5058
 -167.5925 -227.7153
 -167.5283 -227.9254
 -167.4642 -228.1362
 -167.4004 -228.3477
 -167.3367 -228.5598
 -167.2732 -228.7725
 -167.2098 -228.9859
 -167.1467 -229.2000
 -167.0837 -229.4148
 -167.0209 -229.6302
 -166.9582 -229.8463
 -166.8958 -230.0630
 -166.8335 -230.2805
 -166.7714 -230.4986
 -166.7094 -230.7174
 -166.6477 -230.9370
 -166.5861 -231.1572
 -166.5247 -231.3781
 -166.4634 -231.5997
 -166.4024 -231.8220
 -166.3415 -232.0451
 -166.2808 -232.2689
 -166.2203 -232.4933
 -166.1599 -232.7186
 -166.0997 -232.9445
 -166.0397 -233.1712
 -165.9799 -233.3986
 -165.9203 -233.6268
 -165.8608 -233.8557
 -165.8015 -234.0853
 -165.7424 -234.3158
 -165.6835 -234.5469
 -165.6248 -234.7789
 -165.5662 -235.0116
 -165.5078 -235.2451
 -165.4496 -235.4794
 -165.3916 -235.7144
 -165.3337 -235.9503
 -165.2761 -236.1869
 -165.2186 -236.4243
 -165.1613 -236.6626
 -165.1041 -236.9016
 -165.0472 -237.1415
 -164.9904 -237.3822
 -164.9338 -237.6237
 -164.8774 -237.8660
 -164.8212 -238.1092
 -164.7652 -238.3532
 -164.7093 -238.5980
 -164.6537 -238.8437
 -164.5982 -239.0903
 -164.5429 -239.3377
 -164.4878 -239.5860
 -164.4328 -239.8352
 -164.3781 -240.0852
 -164.3235 -240.3361
 -164.2691 -240.5879
 -164.2150 -240.8406
 -164.1609 -241.0942
 -164.1071 -241.3487
 -164.0535 -241.6041
 -164.0000 -241.8605
 -163.9468 -242.1177
 -163.8937 -242.3759
 -163.8408 -242.6350
 -163.7881 -242.8951
 -163.7356 -243.1561
 -163.6833 -243.4181
 -163.6312 -243.6810
 -163.5793 -243.9449
 -163.5275 -244.2098
 -163.4760 -244.4757
 -163.4246 -244.7425
 -163.3734 -245.0104
 -163.3225 -245.2792
 -163.2717 -245.5491
 -163.2211 -245.8200
 -163.1707 -246.0919
 -163.1205 -246.3648
 -163.0705 -246.6387
 -163.0207 -246.9138
 -162.9711 -247.1898
 -162.9217 -247.4669
 -162.8724 -247.7451
 -162.8234 -248.0244
 -162.7746 -248.3047
 -162.7260 -248.5862
 -162.6775 -248.8687
 -162.6293 -249.1523
 -162.5813 -249.4371
 -162.5334 -249.7230
 -162.4858 -250.0100
 -162.4384 -250.2981
 -162.3912 -250.5874
 -162.3442 -250.8779
 -162.2973 -251.1695
 -162.2507 -251.4623
 -162.2043 -251.7563
 -162.1581 -252.0514
 -162.1121 -252.3478
 -162.0664 -252.6454
 -162.0208 -252.9442
 -161.9754 -253.2442
 -161.9303 -253.5455
 -161.8853 -253.8480
 -161.8406 -254.1517
 -161.7960 -254.4568
 -161.7517 -254.7631
 -161.7076 -255.0707
 -161.6637 -255.3796
 -161.6201 -255.6898
 -161.5766 -256.0013
 -161.5334 -256.3142
 -161.4903 -256.6284
 -161.4475 -256.9439
 -161.4049 -257.2608
 -161.3626 -257.5791
 -161.3204 -257.8987
 -161.2785 -258.2198
 -161.2368 -258.5423
 -161.1953 -258.8661
 -161.1540 -259.1914
 -161.1130 -259.5182
 -161.0722 -259.8464
 -161.0316 -260.1761
 -160.9913 -260.5072
 -160.9511 -260.8399
 -160.9112 -261.1740
 -160.8716 -261.5097
 -160.8321 -261.8469
 -160.7929 -262.1856
 -160.7540 -262.5259
 -160.7152 -262.8678
 -160.6768 -263.2113
 -160.6385 -263.5563
 -160.6005 -263.9030
 -160.5627 -264.2513
 -160.5252 -264.6012
 -160.4879 -264.9528
 -160.4508 -265.3061
 -160.4140 -265.6610
 -160.3774 -266.0177
 -160.3411 -266.3761
 -160.3051 -266.7362
 -160.2692 -267.0980
 -160.2337 -267.4616
 -160.1984 -267.8271
 -160.1633 -268.1943
 -160.1285 -268.5633
 -160.0939 -268.9342
 -160.0596 -269.3069
 -160.0256 -269.6815
 -159.9918 -270.0579
 -159.9583 -270.4363
 -159.9251 -270.8166
 -159.8921 -271.1989
 -159.8594 -271.5831
 -159.8270 -271.9693
 -159.7948 -272.3574
 -159.7629 -272.7477
 -159.7313 -273.1399
 -159.6999 -273.5342
 -159.6688 -273.9306
 -159.6380 -274.3292
 -159.6075 -274.7298
 -159.5773 -275.1326
 -159.5474 -275.5375
 -159.5177 -275.9447
 -159.4883 -276.3541
 -159.4592 -276.7657
 -159.4305 -277.1795
 -159.4020 -277.5957
 -159.3738 -278.0142
 -159.3459 -278.4350
 -159.3183 -278.8582
 -159.2910 -279.2837
 -159.2640 -279.7117
 -159.2373 -280.1422
 -159.2109 -280.5750
 -159.1849 -281.0104
 -159.1592 -281.4483
 -159.1337 -281.8888
 -159.1086 -282.3319
 -159.0838 -282.7775
 -159.0594 -283.2258
 -159.0353 -283.6768
 -159.0115 -284.1305
 -158.9880 -284.5869
 -158.9649 -285.0461
 -158.9421 -285.5081
 -158.9196 -285.9729
 -158.8975 -286.4406
 -158.8758 -286.9111
 -158.8544 -287.3847
 -158.8333 -287.8612
 -158.8126 -288.3407
 -158.7923 -288.8232
 -158.7723 -289.3089
 -158.7527 -289.7976
 -158.7335 -290.2895
 -158.7146 -290.7847
 -158.6961 -291.2830
 -158.6780 -291.7847
 -158.6603 -292.2897
 -158.6430 -292.7980
 -158.6260 -293.3098
 -158.6095 -293.8250
 -158.5934 -294.3437
 -158.5776 -294.8660
 -158.5623 -295.3919
 -158.5474 -295.9214
 -158.5329 -296.4547
 -158.5188 -296.9916
 -158.5052 -297.5324
 -158.4920 -298.0771
 -158.4792 -298.6256
 -158.4669 -299.1781
 -158.4550 -299.7346
 -158.4435 -300.2952
 -158.4326 -300.8600
 -158.4220 -301.4289
 -158.4120 -302.0021
 -158.4024 -302.5796
 -158.3933 -303.1615
 -158.3847 -303.7479
 -158.3766 -304.3387
 -158.3690 -304.9342
 -158.3618 -305.5343
 -158.3552 -306.1391
 -158.3491 -306.7487
 -158.3436 -307.3632
 -158.3385 -307.9827
 -158.3340 -308.6072
 -158.3301 -309.2367
 -158.3267 -309.8715
 -158.3238 -310.5116
 -158.3215 -311.1570
 -158.3198 -311.8079
 -158.3187 -312.4643
 -158.3182 -313.1263
 -158.3183 -313.7941
 -158.3189 -314.4677
 -158.3203 -315.1473
 -158.3222 -315.8328
 -158.3248 -316.5245
 -158.3280 -317.2225
 -158.3319 -317.9267
 -158.3364 -318.6375
 -158.3416 -319.3549
 -158.3476 -320.0789
 -158.3542 -320.8098
